time,x,y,z,phi,theta,psi,x_velocity,y_velocity,z_velocity,phi_velocity,theta_velocity,psi_velocity,rotor_speed1,rotor_speed2,rotor_speed3,rotor_speed4
0.06,-3.30235046669e-08,-6.86410954132e-08,10.0072045352,6.28309655658,3.39935438447e-05,0.0,-3.2161100136e-06,-7.51781271609e-06,0.240130882601,-0.00461529550743,0.00167636232676,0.0,479.2447191696895,479.3720845068241,479.47912628207246,479.1284630703192
0.12000000000000001,-1.57598607664e-06,-4.30048800668e-06,10.0319528913,6.28293427211,6.2831229562,0.0,-4.98543734119e-05,-0.000163538726219,0.584702522267,0.000866254620852,-0.00914669179458,0.0,508.9298302036389,508.15474233755566,508.6982044831886,509.0905646787061
0.18,-1.29140833017e-06,-1.93398975873e-05,10.0706974136,6.2826985666,6.28278777951,0.0,0.000105002392881,-0.00034497699149,0.706713513795,-0.0158457711843,0.000723046799736,0.0,443.32840854405174,444.13860264749917,445.354410800744,443.98564906342375
0.23999999999999996,1.16664214722e-05,-5.19526241839e-05,10.1132978667,6.28153449988,6.28314710044,0.0,0.000307702330654,-0.00083431906617,0.713297375626,-0.0276777092019,0.0148558468461,0.0,406.05089906916663,407.31653016690257,407.2572823000368,406.1977326197621
0.3,2.74858516664e-05,-0.000143759131192,10.1599917005,6.28026041478,0.000594759279897,0.0,0.000136594148479,-0.00237933355672,0.843076220243,-0.0107405653576,0.000129311887034,0.0,447.281301358415,446.0804140576671,446.20614474568674,447.58647139986084
0.36000000000000004,2.25956593345e-05,-0.000351788698462,10.2143276017,6.27940420385,8.98128817974e-05,0.0,-0.000285402469171,-0.00463277850737,0.968022373691,-0.022476979199,-0.0369835932019,0.0,446.6531269959681,443.61646773112324,446.3085483860023,445.3498382260066
0.4200000000000001,1.25011209034e-05,-0.000716906171567,10.2763536071,6.27775489325,6.28082514931,0.0,0.000196352556411,-0.00769442480283,1.09939284696,-0.040096865756,-0.0499245405986,0.0,447.08015736096723,446.0237392264831,449.56256318167965,448.1325396079747
0.48000000000000015,8.7299281688e-05,-0.00130751406969,10.346595796,6.27500665264,6.278485634,0.0,0.00257887452836,-0.0122668436919,1.24186663656,-0.0607780818581,-0.0231192454036,0.0,450.4859041296431,452.6470628720525,452.0599072553131,450.38920929047214
0.5400000000000001,0.000344341788093,-0.00222643776061,10.4241079641,6.27135243497,6.27719635263,0.0,0.00612494605414,-0.0187352236018,1.34175583521,-0.0611557949544,-0.0184106506019,0.0,438.37674270097045,438.76777264884544,438.290894269839,438.2568038846344
0.6000000000000002,0.000850189236373,-0.00362986084696,10.5092759252,6.26731311082,6.27590231874,0.0,0.0108666060004,-0.028462980988,1.49697926042,-0.0839927773513,-0.0287748334063,0.0,456.9137621960701,456.08681874973433,456.1731908965439,454.34260949674945
0.6600000000000003,0.00166420555623,-0.00569622237911,10.6028044982,6.26271384801,6.27456190083,0.0,0.0164252440928,-0.0409180326685,1.62046240196,-0.0649933397734,-0.0118574822406,0.0,445.8349417264361,447.2148439223172,445.76445869349675,447.3094299730717
0.7200000000000003,0.00286412752176,-0.00867237297883,10.7069520773,6.25861145712,6.27440227419,0.0,0.0236165737395,-0.0587636242218,1.85076825591,-0.0761700094127,0.0112751391591,0.0,478.5999470976753,480.35726855023916,478.9808414417188,478.12695172804246
0.7800000000000004,0.00448495143417,-0.0127968293396,10.8238814221,6.25388695461,6.27513683828,0.0,0.0303259492819,-0.0792490408632,2.04653271797,-0.0844535620498,0.0141108900903,0.0,469.4098910917495,469.6297520942634,470.05960945357486,469.4126644536278
0.8400000000000004,0.00644332907899,-0.0180832762064,10.9465926116,6.24900470949,6.27589205123,0.0,0.034883575233,-0.097397314194,2.04383105248,-0.0758287138588,0.00935006657495,0.0,407.2668576089908,406.84073175431047,407.30163759851325,408.066188016352
0.9000000000000005,0.00868492282881,-0.0246537056683,11.0723305488,6.24519801805,6.2770617832,0.0,0.0397406464754,-0.122031167581,2.14722883864,-0.0460678742528,0.03451012391,0.0,441.4555675993524,443.5266726192814,440.6380205315214,443.08803045467135
0.9600000000000005,0.0111637469905,-0.0326087644806,11.1999445036,6.24200168074,6.27914636684,0.0,0.0427183342304,-0.14337723391,2.10663553693,-0.0743293074765,0.0352048088497,0.0,394.9844460192622,395.0491815045162,395.6835372038613,393.07065948309355
1.0200000000000005,0.0138031241843,-0.0420889459428,11.3295727535,6.23803055899,6.28116357623,0.0,0.0450468045963,-0.173051467001,2.21408372613,-0.0535148684128,0.0302466764817,0.0,443.62163460594314,443.21479822839814,443.2522174196912,444.95595880773936
1.0800000000000005,0.016541950777,-0.0534501203269,11.4661192355,6.23482904501,6.28292064398,0.0,0.0460583896373,-0.205981613377,2.33720325367,-0.0530478985611,0.0272873868046,0.0,449.46752907461996,449.2278866285392,448.89086360133797,448.9269116311068
1.1400000000000006,0.0193041582965,-0.0669432761832,11.6118394989,6.23135773475,0.00164664544015,0.0,0.0458108277775,-0.244149247393,2.51973137012,-0.0698049371386,0.0397043026662,0.0,466.8672804095735,467.8353623698953,468.8031307362572,467.4970861881008
1.2000000000000006,0.0220092102413,-0.0826696802941,11.7658179418,6.22682238197,0.00461078552078,0.0,0.0440827687403,-0.280490439116,2.61264622686,-0.0908349766073,0.06391027061,0.0,439.7438811008612,441.7458772992534,442.3490665965911,440.60914328208554
1.2600000000000007,0.0245418862018,-0.100709131196,11.9259774756,6.22159626092,0.00814046126825,0.0,0.0399549941165,-0.321363806912,2.72570058194,-0.0805263767162,0.0459930893733,0.0,449.39771259833725,447.9453894607682,446.8228061925835,447.6561234901544
1.3200000000000007,0.0267537738003,-0.12132522319,12.0931716122,6.21676138488,0.0113355628186,0.0,0.033460370043,-0.366329761224,2.84709894636,-0.0806912066214,0.0648127376931,0.0,451.32084443764586,452.8389926084779,450.3166457308488,450.29817127736675
1.3800000000000008,0.0284747214868,-0.144899758046,12.2699732711,6.2119205537,0.0158476211447,0.0,0.0234135958774,-0.420018718435,3.04572546944,-0.0806591685413,0.0904784922754,0.0,475.3052100624202,477.27196278062195,474.1118120208441,474.1094711688216
1.4400000000000008,0.0295725604832,-0.171415027268,12.4532157549,6.20720389743,0.0211472632941,0.0,0.0126992810906,-0.46424939045,3.06226231411,-0.0748026878822,0.0836384139924,0.0,419.48227854624946,418.8948540009446,419.5432778009461,420.0461227624441
1.5000000000000009,0.0297613531696,-0.201262491294,12.6451547788,6.20282153473,0.0263609063428,0.0,-0.00704417256325,-0.531173529693,3.33487352644,-0.0697291322462,0.0927147608231,0.0,498.8501385797017,499.5177717982419,496.2787138511623,496.6474355215827
1.560000000000001,0.0286806712698,-0.235081031616,12.851519882,6.19915172994,0.0318927270696,0.0,-0.0296176826232,-0.596519754221,3.54326418689,-0.0479803663013,0.0911416517611,0.0,481.5974273715798,481.4848680036089,479.83834443363037,481.48407121777876
1.620000000000001,0.026280201083,-0.27247506163,13.0653219275,6.19629556154,0.0370688571423,0.0,-0.0508928887378,-0.650206236419,3.58328781757,-0.0468584260205,0.074114896785,0.0,431.4361509830915,430.00237204550155,430.82368396911335,430.9170916037912
1.680000000000001,0.0224067124065,-0.313379374707,13.2842013715,6.19391039158,0.0412328326599,0.0,-0.0786682577307,-0.713510214009,3.71221764144,-0.0283879338743,0.0577402015448,0.0,460.1741486426715,458.8794778397633,458.1570048945018,459.62242952357354
1.740000000000001,0.0166550242907,-0.358397738747,13.5137838873,6.19194503861,0.0450094500307,0.0,-0.11346233584,-0.787256097883,3.93970740267,-0.043357112397,0.0717180445476,0.0,488.5346780720431,489.57827684230796,490.1581148283428,489.04400455575177
1.8000000000000012,0.00886878935206,-0.407594787755,13.7537602718,6.1898849038,0.0493694272791,0.0,-0.146514027079,-0.852850154741,4.05901465424,-0.0206084287709,0.0744973781392,0.0,459.6684937738802,459.8925983176173,457.24908816728953,459.0573468524227
1.8600000000000012,-0.00111659955488,-0.460990991162,14.0032642615,6.18853730726,0.0551672422224,0.0,-0.186916397774,-0.927109445085,4.25698528754,-0.0264466107161,0.122038742183,0.0,480.59200838838376,484.1885373176949,484.66971381402135,484.2307147332826
1.9200000000000013,-0.0133355255375,-0.518310852173,14.2586859683,6.18674453402,0.0621573244801,0.0,-0.221009176268,-0.98370317701,4.25699072993,-0.0378225085935,0.102139124857,0.0,424.4529595491512,422.7542013856046,424.3411567199413,423.3630255375281
1.9800000000000013,-0.0276777289405,-0.578996195066,14.5134282819,6.18489805468,0.0685388909631,0.0,-0.257595433776,-1.03932489815,4.23442003341,-0.0194838611336,0.113682981487,0.0,415.4977766449898,416.5193902163129,415.89065390032215,417.49352066422983
2.0400000000000014,-0.0446870932448,-0.643556702001,14.7719480072,6.18321905406,0.0749943588396,0.0,-0.310072749973,-1.11278365023,4.38223466541,-0.0562302173901,0.0912124486496,0.0,471.97134565506144,470.2429588496701,471.27534826798706,468.42581823798884
2.1000000000000014,-0.0646172571535,-0.712090585657,15.0345437335,6.17979862794,0.0804031455374,0.0,-0.35473359733,-1.17197798683,4.37088804913,-0.0586072960686,0.087925994304,0.0,421.39729629633865,421.1203617118105,422.097386604931,421.8897508433692
2.1600000000000015,-0.0873699682651,-0.784300554729,15.2970477191,6.17620378274,0.0853745513756,0.0,-0.404141141578,-1.23533589202,4.37908926784,-0.0626635807395,0.0700685026071,0.0,429.10812209586345,427.5951036031644,428.37722369783586,428.02943112494364
2.2200000000000015,-0.113547111544,-0.86084337337,15.5643342496,6.17318092811,0.0896004256148,0.0,-0.468837522777,-1.3163942169,4.52972256581,-0.0331042176289,0.0711466394476,0.0,472.42789861191443,472.5144956508101,472.8571595085976,475.1273385000881
2.2800000000000016,-0.143237287167,-0.941749838944,15.8355611012,6.17110909357,0.0938339428222,0.0,-0.521198820727,-1.38067619926,4.51113697761,-0.0375471424687,0.0693565200707,0.0,421.3917865182094,421.24109732237895,421.49304901796705,421.1082748531947
2.3400000000000016,-0.17621406143,-1.02663805059,16.1064178142,6.16870743625,0.0979748554108,0.0,-0.578388115417,-1.44914139143,4.51727169682,-0.0455164055616,0.0683240668933,0.0,430.0094271202703,429.92572791070006,429.603097151945,428.9258507047345
2.4000000000000017,-0.213118006259,-1.1161697646,16.3818561013,6.16552687035,0.101943298684,0.0,-0.652119992803,-1.53549966861,4.66324476011,-0.0754587763497,0.0613737451337,0.0,474.0024813255674,473.4709381831633,474.9520706204037,472.64786042659676
2.4600000000000017,-0.254290884975,-1.21068490181,16.6636935936,6.16103125535,0.106268257254,0.0,-0.720670778275,-1.61541316009,4.73086772503,-0.0738844536039,0.0877107860482,0.0,450.5008974787464,452.62944250776263,451.11191679526706,451.2347308335138
2.520000000000002,-0.299417289037,-1.30979873148,16.947250131,6.15731810898,0.11200742897,0.0,-0.784018609388,-1.68873429595,4.7208705773,-0.0448990142875,0.108071990367,0.0,426.96984583602807,428.71166883037074,425.6049908210985,428.0757183804056
2.580000000000002,-0.34864384391,-1.41359073895,17.2318860393,6.15473165423,0.118623781376,0.0,-0.857456889723,-1.77122827682,4.76659297762,-0.0397469102492,0.114342286592,0.0,445.5069142823823,446.03006176454164,445.6026031858207,446.022603839086
2.640000000000002,-0.402291721658,-1.52226307131,17.5183063075,6.15227446701,0.125192458296,0.0,-0.931396446288,-1.85139838199,4.78048012929,-0.0434810598815,0.0973542574354,0.0,437.1463737094566,435.73895743782197,436.51120132673117,436.19851192753504
2.700000000000002,-0.461167195871,-1.63649048132,17.8108005049,6.14967548967,0.130574454797,0.0,-1.03166232291,-1.95637591367,4.96824223062,-0.0429888605263,0.0664423425463,0.0,491.75531553071363,489.4654610344096,490.15684312753007,490.19257361255
2.760000000000002,-0.525562885906,-1.75645854537,18.1099176056,6.14764101173,0.134588503385,0.0,-1.11520443579,-2.04276017264,5.00197065685,-0.0201111359668,0.0678018862187,0.0,446.04749493368837,446.16184745872357,444.2938745451601,446.1653459158161
2.820000000000002,-0.595291718367,-1.88189124645,18.4128096992,6.14639998046,0.138237592985,0.0,-1.20942264267,-2.13841155473,5.09380359373,-0.0218545180066,0.0407682687479,0.0,465.72821697872683,463.61096260020224,464.6453176321152,464.50863658826006
2.880000000000002,-0.670701159529,-2.01305211062,18.7208787924,6.14491539002,0.141512593671,0.0,-1.30446054124,-2.23372183035,5.17458440191,-0.031256308747,0.0733559569208,0.0,462.387799194298,464.950031589995,461.7092097901434,460.9666548496954
2.940000000000002,-0.751824182968,-2.1499093191,19.0333375172,6.14307039291,0.145577446428,0.0,-1.40000373541,-2.32833713269,5.24015124471,-0.0297561695155,0.0531275219285,0.0,459.94575772529606,458.34382408985397,458.8764177211696,458.9952230093189
3.000000000000002,-0.838711704282,-2.29244231122,19.3493955687,6.14126224084,0.148679989257,0.0,-1.49650397375,-2.42291617622,5.29462175775,-0.0309061522437,0.0487105937345,0.0,457.49110689990084,457.14085658128664,456.1672316223944,456.07511104006653
3.0600000000000023,-0.931591507086,-2.4408241718,19.6696205124,6.13991827783,0.151896112427,0.0,-1.59973054295,-2.52326335529,5.37888440395,-0.0092836080277,0.0619262201546,0.0,467.38376710752294,468.4145115926615,465.23457046963136,466.92472056759476
3.1200000000000023,-1.03074409439,-2.59526594382,19.9949307069,6.13907388997,0.155534811205,0.0,-1.70565394699,-2.62482728561,5.4641141738,-0.0259728958649,0.0579520541698,0.0,469.1245293846339,468.8181830207964,468.9451695839333,467.6468444280842
3.1800000000000024,-1.13546011752,-2.7550374213,20.3198718413,6.13775704902,0.158801098327,0.0,-1.7852060449,-2.70109431282,5.36752487366,-0.0149158746126,0.0462775095116,0.0,411.653055949342,410.62065597228053,409.9372919447317,410.91878989287403
3.2400000000000024,-1.24591507722,-2.92023912903,20.6446337214,6.1370149858,0.161502556876,0.0,-1.89682829473,-2.80567614245,5.45716629425,-0.00770480489761,0.0423929439811,0.0,470.97546917383295,470.6759157921836,470.61626585972704,471.17431628265393
3.3000000000000025,-1.36218684996,-3.09090232946,20.96906291,6.13642325748,0.163749522842,0.0,-1.97916478151,-2.88325293439,5.35744702696,-0.0145695106617,0.0250621858033,0.0,411.4564446017378,409.91965091279724,410.9051522559315,410.2961102511917
3.3600000000000025,-1.48406974417,-3.26680258969,21.2912805213,6.13588784125,0.16611680829,0.0,-2.08376909518,-2.98017416487,5.38277836668,0.000480732709151,0.0587676309973,0.0,450.00054777307525,452.7219240696909,451.3603129796605,452.57365159560425
3.4200000000000026,-1.61217655088,-3.44844341156,21.6143609574,6.13619648312,0.169966438595,0.0,-2.1867871904,-3.07454699888,5.38630204864,0.0131363639402,0.0732047805788,0.0,445.379528054863,446.5619385419859,444.44656209156255,445.4827502755414
3.4800000000000026,-1.74674954723,-3.63592850169,21.9388222119,6.13748343747,0.174240281045,0.0,-2.29935448166,-3.17487428525,5.42859405693,0.0343305343036,0.0669598013494,0.0,459.23580623119443,458.7437944637315,456.9400522471508,458.6268497046268
3.5400000000000027,-1.88806684869,-3.82934108859,22.2652573496,6.13964148002,0.178580267946,0.0,-2.41159350351,-3.27206523414,5.45221791492,0.0390543955268,0.0813490937623,0.0,453.2484497608046,454.40751851482247,452.91758132540446,453.29797348783626
3.6000000000000028,-2.03641987441,-4.02872749099,22.5942413224,6.14218355722,0.183607703911,0.0,-2.53393688771,-3.37393030622,5.51332718869,0.0482835477634,0.0882713114804,0.0,466.92109389488235,467.4662656895441,464.42025933891045,465.144610303782
3.660000000000003,-2.19192318742,-4.23396831491,22.9252860953,6.14530271215,0.189377935383,0.0,-2.6500046591,-3.4672303062,5.52119490264,0.0585156868412,0.10853648128,0.0,449.37019695389165,451.01786480187354,450.32926335650603,451.15803983537944
3.720000000000003,-2.35458155034,-4.4448215371,23.2571650946,6.14931721758,0.196325039642,0.0,-2.77254140925,-3.56093043296,5.54104534271,0.0798824449342,0.127327963171,0.0,454.40837938791555,455.92403118851985,453.8873134418806,455.6023617214263
3.780000000000003,-2.52502964237,-4.66143795682,23.5916848096,6.15404134222,0.203515123256,0.0,-2.90972669791,-3.65918835852,5.60893214343,0.0763380797951,0.0974062540442,0.0,471.9913381825388,469.68751099948,470.84667710614355,470.57690158453846
3.840000000000003,-2.70348959305,-4.88365446231,23.9285100577,6.15905549313,0.209150634314,0.0,-3.03946111692,-3.74769112582,5.61826687735,0.0950923574877,0.0858572268834,0.0,453.98398635540144,453.06338271693886,453.39576609319585,454.9057766684421
3.900000000000003,-2.88940551372,-5.11085947408,24.2638328738,6.16501968257,0.213943626288,0.0,-3.15823822577,-3.82550579065,5.55928505998,0.106863830335,0.0639415371086,0.0,432.4972326621653,430.6521506458906,432.21878064344884,433.2186979860337
3.960000000000003,-3.08292318597,-5.34287071659,24.597373036,6.17248794197,0.218122172587,0.0,-3.29275514742,-3.90771812273,5.55856530447,0.146540717583,0.0791192858032,0.0,449.790550005783,451.02189522954376,449.8203664755608,453.03561180030664
4.020000000000002,-3.28408397483,-5.57945261269,24.9285370392,6.18114409736,0.222879892684,0.0,-3.41312551273,-3.97788224683,5.48054205071,0.139294538454,0.0796449154674,0.0,426.44485984587726,426.4950931577405,425.2293598804594,424.62847054756486
4.080000000000001,-3.49257465576,-5.82015297077,25.2550868613,6.1894002431,0.227358837886,0.0,-3.53708342182,-4.04502166666,5.40472862232,0.133987517855,0.0620983670543,0.0,425.6916237716088,424.19165961369043,426.8394854061951,426.404616079784
4.14,-3.70932420657,-6.06507964447,25.5802372543,6.1977658023,0.230905154244,0.0,-3.68827995896,-4.11858410399,5.43332462619,0.148529593925,0.0523260487099,0.0,459.8246796279355,459.0520072333019,458.61701280294176,459.7880509781123
4.199999999999998,-3.9355168646,-6.31439614507,25.9082984127,6.20640201999,0.234940212211,0.0,-3.85183565356,-4.19123486448,5.50153435741,0.132667416112,0.0870449134876,0.0,470.5660648511588,473.24941094215876,473.1253647177509,471.92011037190593
4.259999999999997,-4.17160980081,-6.56792992709,26.2403496593,6.21485968323,0.24001351045,0.0,-4.01842229201,-4.25921405792,5.56626105656,0.153807848095,0.0790452848939,0.0,472.0386367447557,471.42615896172845,472.03286776952984,473.67866623084774
4.319999999999996,-4.41668606734,-6.82509780765,26.5716634263,6.22443895366,0.244461454815,0.0,-4.15136000151,-4.31254787986,5.47788970008,0.169327058233,0.0618487380412,0.0,424.39056618297934,422.9160577520531,423.5951682974691,424.9532743532281
4.379999999999995,-4.6715218471,-7.0857393435,26.9044158203,6.234571007,0.248506013148,0.0,-4.34351341064,-4.37454327267,5.61294205447,0.167933675452,0.0766900318194,0.0,493.58441446768967,494.6815649460701,493.485679626368,493.4069985232671
4.439999999999993,-4.93725519906,-7.34977760763,27.2423046375,6.24496747631,0.253392858127,0.0,-4.51477718966,-4.42594385741,5.64963065957,0.182237392587,0.0895736083282,0.0,465.0591552254995,466.07240577029916,465.7304588422221,466.87523754113755
4.499999999999992,-5.21232116708,-7.61658933233,27.5782713758,6.25557585652,0.25864067285,0.0,-4.65476124602,-4.46719330623,5.54967523284,0.162822011373,0.0828723627347,0.0,422.59505015712534,422.0236243811497,422.6829327245135,421.0375835581041
4.559999999999991,-5.49564067488,-7.88573380373,27.9072657826,6.26558341113,0.263617323311,0.0,-4.78990622665,-4.50379938414,5.41737438544,0.17373171731,0.0830873192865,0.0,410.13872738540556,410.1640524216059,409.0811338112482,410.08075738959553
4.6199999999999894,-5.78665228167,-8.15693930283,28.2263823386,6.2756257819,0.268408291579,0.0,-4.911227719,-4.53596125501,5.2207714211,0.149973283072,0.0724320745818,0.0,384.93943254935135,383.93566782309904,386.5751006775316,384.3601618196819
4.679999999999988,-6.08628404027,-8.43001752194,28.5382040502,0.00128926038654,0.272407044725,0.0,-5.07707789851,-4.56607068555,5.1733050383,0.141964761629,0.0513909658732,0.0,437.8362077690133,436.0849979334953,434.9332103904704,434.28269410840227
4.739999999999987,-6.39665715063,-8.70478068414,28.8496051609,0.00993779506374,0.275084925715,0.0,-5.26910804818,-4.59204352887,5.20631738389,0.148171290128,0.0255541662326,0.0,463.1866140851695,461.1507783297055,461.31121430983217,461.81966794145285
4.799999999999986,-6.71801975142,-8.9809917647,29.1607498195,0.0190310402468,0.277320046415,0.0,-5.44343065784,-4.61439066924,5.16521770468,0.157574909394,0.0539325012934,0.0,436.9394611611391,439.3001015976456,438.84269222568764,439.6445836808222
4.859999999999984,-7.05043832709,-9.25838245716,29.4711711323,0.0285224692275,0.280823483129,0.0,-5.63769044685,-4.63124999046,5.1818044932,0.159392507562,0.0660748056593,0.0,457.22109072350327,458.18988669507246,457.14128650593125,457.30908385466256
4.919999999999983,-7.39568162064,-9.53652807767,29.7861855068,0.0379332301704,0.284743884216,0.0,-5.87084843564,-4.63940605132,5.31756461841,0.15120091765,0.0638291367159,0.0,494.2038823848147,494.04097736877,495.87581563511037,495.2940613142966
4.979999999999982,-7.75405241841,-9.81512030742,30.1058904372,0.0469106732916,0.288377883107,0.0,-6.0753876213,-4.64631250915,5.33879561322,0.146271925389,0.0530823764716,0.0,463.27142760802053,462.42787144964257,461.4983371223263,461.12916214052
5.0399999999999805,-8.12387711285,-10.0941397779,30.4236629935,0.0560659484884,0.291631995264,0.0,-6.25275434139,-4.65375538672,5.25378770011,0.162901421321,0.0564457133347,0.0,428.6227273955492,428.9106106772391,426.6783813763114,428.11881345839714
